x                   u                   v                   e
0                   0                   0                   0
0.00099900          0.00894132          0.00894125         -5.08005157
0.00199800          0.01778383          0.01778368         -5.08005157
0.00299700          0.02652851          0.02652829         -5.08005157
0.00399600          0.03517634          0.03517605         -5.08005157
0.00499500          0.04372828          0.04372792         -5.08005157
0.00599401          0.05218528          0.05218485         -5.08005157
0.00699301          0.06054829          0.06054778         -5.08005157
0.00799201          0.06881823          0.06881766         -5.08005157
0.00899101          0.07699604          0.07699540         -5.08005157
0.00999001          0.08508263          0.08508192         -5.08005157
0.01098901          0.09307890          0.09307813         -5.08005157
0.01198801          0.10098577          0.10098493         -5.08005157
0.01298701          0.10880410          0.10880320         -5.08005157
0.01398601          0.11653479          0.11653382         -5.08005157
0.01498501          0.12417870          0.12417767         -5.08005157
0.01598402          0.13173670          0.13173561         -5.08005157
0.01698302          0.13920965          0.13920849         -5.08005157
0.01798202          0.14659838          0.14659716         -5.08005157
0.01898102          0.15390373          0.15390245         -5.08005157
0.01998002          0.16112654          0.16112520         -5.08005157
0.02097902          0.16826762          0.16826622         -5.08005157
0.02197802          0.17532778          0.17532632         -5.08005157
0.02297702          0.18230784          0.18230632         -5.08005157
0.02397602          0.18920858          0.18920701         -5.08005157
0.02497502          0.19603080          0.19602917         -5.08005157
0.02597403          0.20277527          0.20277358         -5.08005157
0.02697303          0.20944277          0.20944103         -5.08005157
0.02797203          0.21603406          0.21603227         -5.08005157
0.02897103          0.22254991          0.22254806         -5.08005157
0.02997003          0.22899105          0.22898915         -5.08005157
0.03096903          0.23535824          0.23535628         -5.08005157
0.03196803          0.24165221          0.24165020         -5.08005157
0.03296703          0.24787368          0.24787162         -5.08005157
0.03396603          0.25402338          0.25402127         -5.08005157
0.03496503          0.26010203          0.26009986         -5.08005157
0.03596404          0.26611031          0.26610810         -5.08005157
0.03696304          0.27204895          0.27204668         -5.08005157
0.03796204          0.27791862          0.27791631         -5.08005157
0.03896104          0.28372002          0.28371766         -5.08005157
0.03996004          0.28945381          0.28945141         -5.08005157
0.04095904          0.29512069          0.29511823         -5.08005157
0.04195804          0.30072130          0.30071880         -5.08005157
0.04295704          0.30625631          0.30625377         -5.08005157
0.04395604          0.31172638          0.31172378         -5.08005157
0.04495504          0.31713213          0.31712950         -5.08005157
0.04595405          0.32247423          0.32247155         -5.08005157
0.04695305          0.32775329          0.32775056         -5.08005157
0.04795205          0.33296995          0.33296718         -5.08005157
0.04895105          0.33812482          0.33812201         -5.08005157
0.04995005          0.34321852          0.34321567         -5.08005157
0.05094905          0.34825166          0.34824876         -5.08005157
0.05194805          0.35322484          0.35322190         -5.08005157
0.05294705          0.35813865          0.35813567         -5.08005157
0.05394605          0.36299369          0.36299067         -5.08005157
0.05494505          0.36779054          0.36778748         -5.08005157
0.05594406          0.37252977          0.37252667         -5.08005157
0.05694306          0.37721197          0.37720883         -5.08005157
0.05794206          0.38183770          0.38183452         -5.08005157
0.05894106          0.38640751          0.38640430         -5.08005157
0.05994006          0.39092197          0.39091872         -5.08005157
0.06093906          0.39538162          0.39537833         -5.08005157
0.06193806          0.39978702          0.39978369         -5.08005157
0.06293706          0.40413869          0.40413533         -5.08005157
0.06393606          0.40843718          0.40843378         -5.08005157
0.06493506          0.41268301          0.41267957         -5.08005157
0.06593407          0.41687670          0.41687323         -5.08005157
0.06693307          0.42101878          0.42101528         -5.08005157
0.06793207          0.42510975          0.42510622         -5.08005157
0.06893107          0.42915013          0.42914656         -5.08005157
0.06993007          0.43314042          0.43313681         -5.08005157
0.07092907          0.43708111          0.43707747         -5.08005157
0.07192807          0.44097270          0.44096903         -5.08005157
0.07292707          0.44481568          0.44481198         -5.08005157
0.07392607          0.44861052          0.44860679         -5.08005157
0.07492507          0.45235772          0.45235396         -5.08005157
0.07592408          0.45605774          0.45605394         -5.08005157
0.07692308          0.45971105          0.45970722         -5.08005157
0.07792208          0.46331811          0.46331426         -5.08005157
0.07892108          0.46687939          0.46687551         -5.08005157
0.07992008          0.47039534          0.47039142         -5.08005157
0.08091908          0.47386641          0.47386246         -5.08005157
0.08191808          0.47729304          0.47728907         -5.08005157
0.08291708          0.48067569          0.48067169         -5.08005157
0.08391608          0.48401478          0.48401075         -5.08005157
0.08491508          0.48731074          0.48730669         -5.08005157
0.08591409          0.49056402          0.49055994         -5.08005157
0.08691309          0.49377503          0.49377092         -5.08005157
0.08791209          0.49694419          0.49694005         -5.08005157
0.08891109          0.50007191          0.50006776         -5.08005157
0.08991009          0.50315862          0.50315444         -5.08005157
0.09090909          0.50620471          0.50620050         -5.08005157
0.09190809          0.50921060          0.50920637         -5.08005157
0.09290709          0.51217668          0.51217242         -5.08005157
0.09390609          0.51510334          0.51509905         -5.08005157
0.09490509          0.51799098          0.51798667         -5.08005157
0.09590410          0.52083999          0.52083565         -5.08005157
0.09690310          0.52365074          0.52364639         -5.08005157
0.09790210          0.52642363          0.52641925         -5.08005157
0.09890110          0.52915902          0.52915462         -5.08005157
0.09990010          0.53185730          0.53185288         -5.08005157
0.10089910          0.53451882          0.53451438         -5.08005157
0.10189810          0.53714396          0.53713949         -5.08005157
0.10289710          0.53973307          0.53972858         -5.08005157
0.10389610          0.54228651          0.54228200         -5.08005157
0.10489510          0.54480465          0.54480012         -5.08005157
0.10589411          0.54728782          0.54728327         -5.08005157
0.10689311          0.54973638          0.54973181         -5.08005157
0.10789211          0.55215067          0.55214608         -5.08005157
0.10889111          0.55453103          0.55452642         -5.08005157
0.10989011          0.55687780          0.55687317         -5.08005157
0.11088911          0.55919131          0.55918666         -5.08005157
0.11188811          0.56147190          0.56146723         -5.08005157
0.11288711          0.56371989          0.56371520         -5.08005157
0.11388611          0.56593560          0.56593089         -5.08005157
0.11488511          0.56811935          0.56811463         -5.08005157
0.11588412          0.57027147          0.57026673         -5.08005157
0.11688312          0.57239227          0.57238751         -5.08005157
0.11788212          0.57448206          0.57447728         -5.08005157
0.11888112          0.57654114          0.57653634         -5.08005157
0.11988012          0.57856982          0.57856501         -5.08005157
0.12087912          0.58056841          0.58056358         -5.08005157
0.12187812          0.58253720          0.58253236         -5.08005157
0.12287712          0.58447650          0.58447164         -5.08005157
0.12387612          0.58638658          0.58638171         -5.08005157
0.12487512          0.58826775          0.58826286         -5.08005157
0.12587413          0.59012029          0.59011538         -5.08005157
0.12687313          0.59194449          0.59193956         -5.08005157
0.12787213          0.59374062          0.59373568         -5.08005157
0.12887113          0.59550897          0.59550401         -5.08005157
0.12987013          0.59724981          0.59724484         -5.08005157
0.13086913          0.59896341          0.59895843         -5.08005157
0.13186813          0.60065005          0.60064506         -5.08005157
0.13286713          0.60231000          0.60230499         -5.08005157
0.13386613          0.60394352          0.60393849         -5.08005157
0.13486513          0.60555087          0.60554583         -5.08005157
0.13586414          0.60713231          0.60712726         -5.08005157
0.13686314          0.60868810          0.60868304         -5.08005157
0.13786214          0.61021850          0.61021342         -5.08005157
0.13886114          0.61172375          0.61171866         -5.08005157
0.13986014          0.61320411          0.61319901         -5.08005157
0.14085914          0.61465983          0.61465472         -5.08005157
0.14185814          0.61609115          0.61608602         -5.08005157
0.14285714          0.61749831          0.61749317         -5.08005157
0.14385614          0.61888155          0.61887640         -5.08005157
0.14485514          0.62024111          0.62023595         -5.08005157
0.14585415          0.62157723          0.62157206         -5.08005157
0.14685315          0.62289013          0.62288495         -5.08005157
0.14785215          0.62418006          0.62417487         -5.08005157
0.14885115          0.62544723          0.62544203         -5.08005157
0.14985015          0.62669188          0.62668667         -5.08005157
0.15084915          0.62791423          0.62790901         -5.08005157
0.15184815          0.62911449          0.62910926         -5.08005157
0.15284715          0.63029290          0.63028766         -5.08005157
0.15384615          0.63144966          0.63144441         -5.08005157
0.15484515          0.63258499          0.63257973         -5.08005157
0.15584416          0.63369911          0.63369384         -5.08005157
0.15684316          0.63479222          0.63478694         -5.08005157
0.15784216          0.63586454          0.63585925         -5.08005157
0.15884116          0.63691627          0.63691097         -5.08005157
0.15984016          0.63794761          0.63794230         -5.08005157
0.16083916          0.63895877          0.63895346         -5.08005157
0.16183816          0.63994995          0.63994463         -5.08005157
0.16283716          0.64092135          0.64091602         -5.08005157
0.16383616          0.64187316          0.64186782         -5.08005157
0.16483516          0.64280558          0.64280024         -5.08005157
0.16583417          0.64371881          0.64371345         -5.08005157
0.16683317          0.64461302          0.64460766         -5.08005157
0.16783217          0.64548842          0.64548305         -5.08005157
0.16883117          0.64634518          0.64633981         -5.08005157
0.16983017          0.64718350          0.64717812         -5.08005157
0.17082917          0.64800356          0.64799817         -5.08005157
0.17182817          0.64880553          0.64880013         -5.08005157
0.17282717          0.64958960          0.64958420         -5.08005157
0.17382617          0.65035595          0.65035054         -5.08005157
0.17482517          0.65110475          0.65109934         -5.08005157
0.17582418          0.65183618          0.65183076         -5.08005157
0.17682318          0.65255041          0.65254498         -5.08005157
0.17782218          0.65324761          0.65324217         -5.08005157
0.17882118          0.65392794          0.65392250         -5.08005157
0.17982018          0.65459159          0.65458614         -5.08005157
0.18081918          0.65523871          0.65523326         -5.08005157
0.18181818          0.65586946          0.65586401         -5.08005157
0.18281718          0.65648402          0.65647856         -5.08005157
0.18381618          0.65708253          0.65707707         -5.08005157
0.18481518          0.65766517          0.65765970         -5.08005157
0.18581419          0.65823209          0.65822661         -5.08005157
0.18681319          0.65878344          0.65877796         -5.08005157
0.18781219          0.65931938          0.65931390         -5.08005157
0.18881119          0.65984006          0.65983458         -5.08005157
0.18981019          0.66034564          0.66034015         -5.08005157
0.19080919          0.66083626          0.66083077         -5.08005157
0.19180819          0.66131208          0.66130658         -5.08005157
0.19280719          0.66177324          0.66176773         -5.08005157
0.19380619          0.66221988          0.66221437         -5.08005157
0.19480519          0.66265215          0.66264664         -5.08005157
0.19580420          0.66307020          0.66306468         -5.08005157
0.19680320          0.66347416          0.66346864         -5.08005157
0.19780220          0.66386417          0.66385865         -5.08005157
0.19880120          0.66424038          0.66423485         -5.08005157
0.19980020          0.66460292          0.66459739         -5.08005157
0.20079920          0.66495192          0.66494639         -5.08005157
0.20179820          0.66528753          0.66528200         -5.08005157
0.20279720          0.66560987          0.66560433         -5.08005157
0.20379620          0.66591907          0.66591354         -5.08005157
0.20479520          0.66621528          0.66620974         -5.08005157
0.20579421          0.66649860          0.66649306         -5.08005157
0.20679321          0.66676919          0.66676364         -5.08005157
0.20779221          0.66702715          0.66702160         -5.08005157
0.20879121          0.66727262          0.66726707         -5.08005157
0.20979021          0.66750572          0.66750016         -5.08005157
0.21078921          0.66772657          0.66772101         -5.08005157
0.21178821          0.66793529          0.66792974         -5.08005157
0.21278721          0.66813201          0.66812646         -5.08005157
0.21378621          0.66831685          0.66831129         -5.08005157
0.21478521          0.66848992          0.66848436         -5.08005157
0.21578422          0.66865134          0.66864578         -5.08005157
0.21678322          0.66880122          0.66879566         -5.08005157
0.21778222          0.66893969          0.66893412         -5.08005157
0.21878122          0.66906684          0.66906128         -5.08005157
0.21978022          0.66918281          0.66917724         -5.08005157
0.22077922          0.66928769          0.66928212         -5.08005157
0.22177822          0.66938160          0.66937603         -5.08005157
0.22277722          0.66946465          0.66945908         -5.08005157
0.22377622          0.66953694          0.66953137         -5.08005157
0.22477522          0.66959858          0.66959301         -5.08005157
0.22577423          0.66964968          0.66964411         -5.08005157
0.22677323          0.66969034          0.66968477         -5.08005157
0.22777223          0.66972067          0.66971510         -5.08005157
0.22877123          0.66974076          0.66973519         -5.08005157
0.22977023          0.66975073          0.66974516         -5.08005157
0.23076923          0.66975067          0.66974510         -5.08005157
0.23176823          0.66974067          0.66973510         -5.08005157
0.23276723          0.66972085          0.66971528         -5.08005157
0.23376623          0.66969130          0.66968573         -5.08005157
0.23476523          0.66965210          0.66964654         -5.08005157
0.23576424          0.66960337          0.66959780         -5.08005157
0.23676324          0.66954520          0.66953963         -5.08005157
0.23776224          0.66947767          0.66947210         -5.08005157
0.23876124          0.66940088          0.66939531         -5.08005157
0.23976024          0.66931493          0.66930936         -5.08005157
0.24075924          0.66921990          0.66921433         -5.08005157
0.24175824          0.66911588          0.66911032         -5.08005157
0.24275724          0.66900297          0.66899741         -5.08005157
0.24375624          0.66888125          0.66887569         -5.08005157
0.24475524          0.66875081          0.66874525         -5.08005157
0.24575425          0.66861174          0.66860618         -5.08005157
0.24675325          0.66846412          0.66845856         -5.08005157
0.24775225          0.66830804          0.66830248         -5.08005157
0.24875125          0.66814358          0.66813802         -5.08005157
0.24975025          0.66797083          0.66796527         -5.08005157
0.25074925          0.66778986          0.66778431         -5.08005157
0.25174825          0.66760076          0.66759521         -5.08005157
0.25274725          0.66740361          0.66739806         -5.08005157
0.25374625          0.66719849          0.66719294         -5.08005156
0.25474525          0.66698548          0.66697993         -5.08005156
0.25574426          0.66676466          0.66675911         -5.08005156
0.25674326          0.66653610          0.66653056         -5.08005156
0.25774226          0.66629989          0.66629434         -5.08005156
0.25874126          0.66605609          0.66605055         -5.08005156
0.25974026          0.66580479          0.66579925         -5.08005156
0.26073926          0.66554605          0.66554051         -5.08005156
0.26173826          0.66527996          0.66527442         -5.08005156
0.26273726          0.66500658          0.66500105         -5.08005156
0.26373626          0.66472599          0.66472046         -5.08005156
0.26473526          0.66443825          0.66443273         -5.08005156
0.26573427          0.66414345          0.66413793         -5.08005156
0.26673327          0.66384165          0.66383613         -5.08005156
0.26773227          0.66353292          0.66352740         -5.08005156
0.26873127          0.66321733          0.66321181         -5.08005156
0.26973027          0.66289494          0.66288943         -5.08005156
0.27072927          0.66256583          0.66256032         -5.08005156
0.27172827          0.66223007          0.66222456         -5.08005156
0.27272727          0.66188771          0.66188220         -5.08005156
0.27372627          0.66153882          0.66153332         -5.08005156
0.27472527          0.66118347          0.66117797         -5.08005156
0.27572428          0.66082172          0.66081623         -5.08005156
0.27672328          0.66045364          0.66044815         -5.08005156
0.27772228          0.66007929          0.66007380         -5.08005156
0.27872128          0.65969873          0.65969324         -5.08005156
0.27972028          0.65931202          0.65930654         -5.08005156
0.28071928          0.65891923          0.65891375         -5.08005156
0.28171828          0.65852041          0.65851493         -5.08005156
0.28271728          0.65811562          0.65811015         -5.08005156
0.28371628          0.65770493          0.65769946         -5.08005156
0.28471528          0.65728839          0.65728293         -5.08005156
0.28571429          0.65686607          0.65686060         -5.08005156
0.28671329          0.65643801          0.65643255         -5.08005156
0.28771229          0.65600427          0.65599882         -5.08005156
0.28871129          0.65556492          0.65555947         -5.08005156
0.28971029          0.65512000          0.65511456         -5.08005156
0.29070929          0.65466958          0.65466414         -5.08005156
0.29170829          0.65421371          0.65420826         -5.08005156
0.29270729          0.65375243          0.65374700         -5.08005156
0.29370629          0.65328581          0.65328038         -5.08005156
0.29470529          0.65281390          0.65280847         -5.08005156
0.29570430          0.65233675          0.65233133         -5.08005156
0.29670330          0.65185442          0.65184900         -5.08005156
0.29770230          0.65136695          0.65136153         -5.08005156
0.29870130          0.65087439          0.65086898         -5.08005156
0.29970030          0.65037680          0.65037139         -5.08005156
0.30069930          0.64987423          0.64986882         -5.08005156
0.30169830          0.64936672          0.64936132         -5.08005156
0.30269730          0.64885433          0.64884893         -5.08005156
0.30369630          0.64833710          0.64833171         -5.08005156
0.30469530          0.64781508          0.64780970         -5.08005156
0.30569431          0.64728833          0.64728294         -5.08005156
0.30669331          0.64675687          0.64675149         -5.08005156
0.30769231          0.64622077          0.64621540         -5.08005156
0.30869131          0.64568007          0.64567470         -5.08005156
0.30969031          0.64513482          0.64512945         -5.08005156
0.31068931          0.64458505          0.64457969         -5.08005156
0.31168831          0.64403082          0.64402547         -5.08005156
0.31268731          0.64347217          0.64346682         -5.08005156
0.31368631          0.64290914          0.64290380         -5.08005156
0.31468531          0.64234178          0.64233644         -5.08005156
0.31568432          0.64177013          0.64176479         -5.08005156
0.31668332          0.64119423          0.64118890         -5.08005156
0.31768232          0.64061413          0.64060880         -5.08005156
0.31868132          0.64002986          0.64002454         -5.08005156
0.31968032          0.63944147          0.63943615         -5.08005156
0.32067932          0.63884900          0.63884369         -5.08005156
0.32167832          0.63825249          0.63824718         -5.08005156
0.32267732          0.63765198          0.63764668         -5.08005156
0.32367632          0.63704751          0.63704221         -5.08005156
0.32467532          0.63643911          0.63643382         -5.08005156
0.32567433          0.63582684          0.63582155         -5.08005156
0.32667333          0.63521072          0.63520543         -5.08005156
0.32767233          0.63459079          0.63458551         -5.08005156
0.32867133          0.63396710          0.63396183         -5.08005156
0.32967033          0.63333968          0.63333441         -5.08005156
0.33066933          0.63270856          0.63270330         -5.08005156
0.33166833          0.63207379          0.63206853         -5.08005156
0.33266733          0.63143540          0.63143014         -5.08005156
0.33366633          0.63079342          0.63078817         -5.08005156
0.33466533          0.63014789          0.63014265         -5.08005156
0.33566434          0.62949885          0.62949362         -5.08005156
0.33666334          0.62884634          0.62884111         -5.08005156
0.33766234          0.62819038          0.62818515         -5.08005156
0.33866134          0.62753101          0.62752579         -5.08005156
0.33966034          0.62686826          0.62686305         -5.08005156
0.34065934          0.62620218          0.62619697         -5.08005156
0.34165834          0.62553278          0.62552758         -5.08005156
0.34265734          0.62486011          0.62485491         -5.08005156
0.34365634          0.62418419          0.62417900         -5.08005156
0.34465534          0.62350506          0.62349988         -5.08005156
0.34565435          0.62282276          0.62281758         -5.08005156
0.34665335          0.62213731          0.62213213         -5.08005156
0.34765235          0.62144874          0.62144357         -5.08005156
0.34865135          0.62075708          0.62075192         -5.08005156
0.34965035          0.62006237          0.62005721         -5.08005156
0.35064935          0.61936464          0.61935949         -5.08005156
0.35164835          0.61866391          0.61865876         -5.08005156
0.35264735          0.61796022          0.61795508         -5.08005156
0.35364635          0.61725359          0.61724846         -5.08005156
0.35464535          0.61654406          0.61653893         -5.08005156
0.35564436          0.61583164          0.61582652         -5.08005156
0.35664336          0.61511639          0.61511127         -5.08005156
0.35764236          0.61439831          0.61439320         -5.08005156
0.35864136          0.61367744          0.61367233         -5.08005156
0.35964036          0.61295380          0.61294870         -5.08005156
0.36063936          0.61222743          0.61222234         -5.08005156
0.36163836          0.61149835          0.61149326         -5.08005156
0.36263736          0.61076658          0.61076150         -5.08005156
0.36363636          0.61003216          0.61002709         -5.08005156
0.36463536          0.60929512          0.60929005         -5.08005156
0.36563437          0.60855546          0.60855040         -5.08005156
0.36663337          0.60781323          0.60780818         -5.08005156
0.36763237          0.60706845          0.60706340         -5.08005156
0.36863137          0.60632114          0.60631610         -5.08005156
0.36963037          0.60557133          0.60556629         -5.08005156
0.37062937          0.60481904          0.60481401         -5.08005156
0.37162837          0.60406430          0.60405928         -5.08005156
0.37262737          0.60330714          0.60330212         -5.08005156
0.37362637          0.60254757          0.60254256         -5.08005156
0.37462537          0.60178562          0.60178061         -5.08005156
0.37562438          0.60102131          0.60101631         -5.08005156
0.37662338          0.60025468          0.60024968         -5.08005156
0.37762238          0.59948573          0.59948074         -5.08005156
0.37862138          0.59871449          0.59870952         -5.08005156
0.37962038          0.59794100          0.59793602         -5.08005156
0.38061938          0.59716526          0.59716029         -5.08005156
0.38161838          0.59638730          0.59638234         -5.08005156
0.38261738          0.59560715          0.59560220         -5.08005156
0.38361638          0.59482482          0.59481987         -5.08005156
0.38461538          0.59404034          0.59403540         -5.08005156
0.38561439          0.59325372          0.59324879         -5.08005156
0.38661339          0.59246500          0.59246007         -5.08005156
0.38761239          0.59167418          0.59166926         -5.08005156
0.38861139          0.59088130          0.59087639         -5.08005156
0.38961039          0.59008637          0.59008146         -5.08005156
0.39060939          0.58928941          0.58928451         -5.08005156
0.39160839          0.58849044          0.58848555         -5.08005156
0.39260739          0.58768949          0.58768460         -5.08005156
0.39360639          0.58688656          0.58688168         -5.08005156
0.39460539          0.58608169          0.58607681         -5.08005156
0.39560440          0.58527489          0.58527002         -5.08005156
0.39660340          0.58446617          0.58446131         -5.08005156
0.39760240          0.58365557          0.58365072         -5.08005156
0.39860140          0.58284310          0.58283825         -5.08005156
0.39960040          0.58202877          0.58202393         -5.08005156
0.40059940          0.58121260          0.58120777         -5.08005156
0.40159840          0.58039462          0.58038980         -5.08005156
0.40259740          0.57957484          0.57957002         -5.08005156
0.40359640          0.57875328          0.57874847         -5.08005156
0.40459540          0.57792996          0.57792515         -5.08005156
0.40559441          0.57710489          0.57710009         -5.08005156
0.40659341          0.57627809          0.57627329         -5.08005156
0.40759241          0.57544958          0.57544479         -5.08005156
0.40859141          0.57461937          0.57461459         -5.08005156
0.40959041          0.57378749          0.57378272         -5.08005156
0.41058941          0.57295395          0.57294918         -5.08005156
0.41158841          0.57211876          0.57211400         -5.08005156
0.41258741          0.57128195          0.57127720         -5.08005156
0.41358641          0.57044352          0.57043878         -5.08005156
0.41458541          0.56960350          0.56959876         -5.08005156
0.41558442          0.56876190          0.56875717         -5.08005156
0.41658342          0.56791873          0.56791401         -5.08005156
0.41758242          0.56707402          0.56706930         -5.08005156
0.41858142          0.56622777          0.56622306         -5.08005156
0.41958042          0.56538000          0.56537530         -5.08005156
0.42057942          0.56453073          0.56452604         -5.08005156
0.42157842          0.56367998          0.56367529         -5.08005156
0.42257742          0.56282775          0.56282307         -5.08005156
0.42357642          0.56197406          0.56196938         -5.08005156
0.42457542          0.56111893          0.56111426         -5.08005156
0.42557443          0.56026236          0.56025770         -5.08005156
0.42657343          0.55940439          0.55939973         -5.08005156
0.42757243          0.55854501          0.55854036         -5.08005156
0.42857143          0.55768424          0.55767960         -5.08005156
0.42957043          0.55682210          0.55681747         -5.08005156
0.43056943          0.55595860          0.55595398         -5.08005156
0.43156843          0.55509376          0.55508914         -5.08005156
0.43256743          0.55422758          0.55422297         -5.08005156
0.43356643          0.55336008          0.55335548         -5.08005156
0.43456543          0.55249127          0.55248668         -5.08005156
0.43556444          0.55162117          0.55161658         -5.08005156
0.43656344          0.55074979          0.55074521         -5.08005156
0.43756244          0.54987714          0.54987257         -5.08005156
0.43856144          0.54900324          0.54899867         -5.08005156
0.43956044          0.54812809          0.54812353         -5.08005156
0.44055944          0.54725171          0.54724716         -5.08005156
0.44155844          0.54637412          0.54636957         -5.08005156
0.44255744          0.54549531          0.54549078         -5.08005155
0.44355644          0.54461532          0.54461079         -5.08005155
0.44455544          0.54373414          0.54372962         -5.08005155
0.44555445          0.54285179          0.54284727         -5.08005155
0.44655345          0.54196828          0.54196377         -5.08005155
0.44755245          0.54108362          0.54107912         -5.08005155
0.44855145          0.54019783          0.54019334         -5.08005155
0.44955045          0.53931091          0.53930643         -5.08005155
0.45054945          0.53842288          0.53841840         -5.08005155
0.45154845          0.53753374          0.53752927         -5.08005155
0.45254745          0.53664352          0.53663906         -5.08005155
0.45354645          0.53575221          0.53574776         -5.08005155
0.45454545          0.53485984          0.53485539         -5.08005155
0.45554446          0.53396640          0.53396196         -5.08005155
0.45654346          0.53307191          0.53306748         -5.08005155
0.45754246          0.53217639          0.53217196         -5.08005155
0.45854146          0.53127984          0.53127542         -5.08005155
0.45954046          0.53038227          0.53037786         -5.08005155
0.46053946          0.52948369          0.52947929         -5.08005155
0.46153846          0.52858412          0.52857972         -5.08005155
0.46253746          0.52768355          0.52767917         -5.08005155
0.46353646          0.52678201          0.52677763         -5.08005155
0.46453546          0.52587950          0.52587513         -5.08005155
0.46553447          0.52497603          0.52497167         -5.08005155
0.46653347          0.52407162          0.52406726         -5.08005155
0.46753247          0.52316626          0.52316191         -5.08005155
0.46853147          0.52225997          0.52225563         -5.08005155
0.46953047          0.52135276          0.52134843         -5.08005155
0.47052947          0.52044464          0.52044032         -5.08005155
0.47152847          0.51953562          0.51953130         -5.08005155
0.47252747          0.51862570          0.51862139         -5.08005155
0.47352647          0.51771490          0.51771059         -5.08005155
0.47452547          0.51680322          0.51679892         -5.08005155
0.47552448          0.51589068          0.51588638         -5.08005155
0.47652348          0.51497727          0.51497299         -5.08005155
0.47752248          0.51406301          0.51405874         -5.08005155
0.47852148          0.51314792          0.51314365         -5.08005155
0.47952048          0.51223199          0.51222773         -5.08005155
0.48051948          0.51131523          0.51131098         -5.08005155
0.48151848          0.51039766          0.51039341         -5.08005155
0.48251748          0.50947927          0.50947504         -5.08005155
0.48351648          0.50856009          0.50855586         -5.08005155
0.48451548          0.50764011          0.50763589         -5.08005155
0.48551449          0.50671935          0.50671514         -5.08005155
0.48651349          0.50579781          0.50579361         -5.08005155
0.48751249          0.50487550          0.50487131         -5.08005155
0.48851149          0.50395243          0.50394824         -5.08005155
0.48951049          0.50302861          0.50302443         -5.08005155
0.49050949          0.50210404          0.50209986         -5.08005155
0.49150849          0.50117873          0.50117456         -5.08005155
0.49250749          0.50025269          0.50024852         -5.08005155
0.49350649          0.49932592          0.49932176         -5.08005155
0.49450549          0.49839843          0.49839429         -5.08005155
0.49550450          0.49747024          0.49746610         -5.08005155
0.49650350          0.49654134          0.49653721         -5.08005155
0.49750250          0.49561174          0.49560762         -5.08005155
0.49850150          0.49468146          0.49467734         -5.08005155
0.49950050          0.49375049          0.49374638         -5.08005155
0.50049950          0.49281885          0.49281475         -5.08005155
0.50149850          0.49188653          0.49188244         -5.08005155
0.50249750          0.49095356          0.49094948         -5.08005155
0.50349650          0.49001993          0.49001585         -5.08005155
0.50449550          0.48908565          0.48908158         -5.08005155
0.50549451          0.48815073          0.48814667         -5.08005155
0.50649351          0.48721517          0.48721112         -5.08005155
0.50749251          0.48627898          0.48627493         -5.08005155
0.50849151          0.48534216          0.48533813         -5.08005155
0.50949051          0.48440473          0.48440070         -5.08005155
0.51048951          0.48346669          0.48346267         -5.08005155
0.51148851          0.48252804          0.48252403         -5.08005155
0.51248751          0.48158879          0.48158479         -5.08005155
0.51348651          0.48064895          0.48064496         -5.08005155
0.51448551          0.47970852          0.47970453         -5.08005155
0.51548452          0.47876751          0.47876353         -5.08005155
0.51648352          0.47782593          0.47782195         -5.08005155
0.51748252          0.47688377          0.47687980         -5.08005155
0.51848152          0.47594105          0.47593709         -5.08005155
0.51948052          0.47499777          0.47499382         -5.08005155
0.52047952          0.47405393          0.47404999         -5.08005155
0.52147852          0.47310955          0.47310562         -5.08005155
0.52247752          0.47216463          0.47216070         -5.08005155
0.52347652          0.47121917          0.47121525         -5.08005155
0.52447552          0.47027317          0.47026926         -5.08005155
0.52547453          0.46932665          0.46932275         -5.08005155
0.52647353          0.46837961          0.46837572         -5.08005155
0.52747253          0.46743206          0.46742817         -5.08005155
0.52847153          0.46648399          0.46648011         -5.08005155
0.52947053          0.46553542          0.46553154         -5.08005155
0.53046953          0.46458634          0.46458248         -5.08005155
0.53146853          0.46363677          0.46363291         -5.08005155
0.53246753          0.46268671          0.46268286         -5.08005155
0.53346653          0.46173616          0.46173232         -5.08005155
0.53446553          0.46078513          0.46078130         -5.08005155
0.53546454          0.45983363          0.45982981         -5.08005155
0.53646354          0.45888165          0.45887784         -5.08005155
0.53746254          0.45792921          0.45792540         -5.08005155
0.53846154          0.45697630          0.45697250         -5.08005155
0.53946054          0.45602294          0.45601915         -5.08005155
0.54045954          0.45506912          0.45506534         -5.08005155
0.54145854          0.45411486          0.45411108         -5.08005155
0.54245754          0.45316015          0.45315638         -5.08005155
0.54345654          0.45220500          0.45220124         -5.08005155
0.54445554          0.45124941          0.45124566         -5.08005155
0.54545455          0.45029340          0.45028965         -5.08005155
0.54645355          0.44933695          0.44933322         -5.08005155
0.54745255          0.44838009          0.44837636         -5.08005155
0.54845155          0.44742281          0.44741908         -5.08005155
0.54945055          0.44646511          0.44646139         -5.08005155
0.55044955          0.44550700          0.44550329         -5.08005155
0.55144855          0.44454849          0.44454479         -5.08005155
0.55244755          0.44358957          0.44358588         -5.08005155
0.55344655          0.44263025          0.44262657         -5.08005155
0.55444555          0.44167055          0.44166687         -5.08005155
0.55544456          0.44071045          0.44070678         -5.08005155
0.55644356          0.43974996          0.43974631         -5.08005155
0.55744256          0.43878910          0.43878545         -5.08005155
0.55844156          0.43782785          0.43782421         -5.08005155
0.55944056          0.43686623          0.43686260         -5.08005155
0.56043956          0.43590424          0.43590061         -5.08005155
0.56143856          0.43494188          0.43493826         -5.08005155
0.56243756          0.43397916          0.43397555         -5.08005155
0.56343656          0.43301607          0.43301247         -5.08005155
0.56443556          0.43205263          0.43204904         -5.08005155
0.56543457          0.43108884          0.43108526         -5.08005155
0.56643357          0.43012470          0.43012112         -5.08005155
0.56743257          0.42916021          0.42915664         -5.08005155
0.56843157          0.42819538          0.42819182         -5.08005155
0.56943057          0.42723021          0.42722666         -5.08005155
0.57042957          0.42626470          0.42626116         -5.08005155
0.57142857          0.42529887          0.42529533         -5.08005155
0.57242757          0.42433270          0.42432917         -5.08005155
0.57342657          0.42336620          0.42336268         -5.08005155
0.57442557          0.42239939          0.42239588         -5.08005155
0.57542458          0.42143225          0.42142875         -5.08005155
0.57642358          0.42046480          0.42046130         -5.08005155
0.57742258          0.41949704          0.41949355         -5.08005155
0.57842158          0.41852896          0.41852548         -5.08005155
0.57942058          0.41756058          0.41755711         -5.08005155
0.58041958          0.41659189          0.41658843         -5.08005155
0.58141858          0.41562291          0.41561945         -5.08005155
0.58241758          0.41465362          0.41465017         -5.08005155
0.58341658          0.41368404          0.41368060         -5.08005155
0.58441558          0.41271417          0.41271074         -5.08005155
0.58541459          0.41174401          0.41174058         -5.08005155
0.58641359          0.41077356          0.41077014         -5.08005155
0.58741259          0.40980283          0.40979942         -5.08005155
0.58841159          0.40883182          0.40882842         -5.08005155
0.58941059          0.40786053          0.40785714         -5.08005155
0.59040959          0.40688897          0.40688558         -5.08005155
0.59140859          0.40591713          0.40591375         -5.08005155
0.59240759          0.40494503          0.40494166         -5.08005155
0.59340659          0.40397265          0.40396929         -5.08005155
0.59440559          0.40300002          0.40299666         -5.08005155
0.59540460          0.40202712          0.40202377         -5.08005155
0.59640360          0.40105396          0.40105062         -5.08005155
0.59740260          0.40008055          0.40007722         -5.08005155
0.59840160          0.39910688          0.39910356         -5.08005155
0.59940060          0.39813296          0.39812965         -5.08005155
0.60039960          0.39715879          0.39715549         -5.08005155
0.60139860          0.39618438          0.39618108         -5.08005155
0.60239760          0.39520972          0.39520643         -5.08005155
0.60339660          0.39423482          0.39423154         -5.08005155
0.60439560          0.39325968          0.39325641         -5.08005155
0.60539461          0.39228430          0.39228104         -5.08005155
0.60639361          0.39130869          0.39130544         -5.08005155
0.60739261          0.39033285          0.39032960         -5.08005155
0.60839161          0.38935678          0.38935354         -5.08005155
0.60939061          0.38838048          0.38837725         -5.08005155
0.61038961          0.38740395          0.38740073         -5.08005155
0.61138861          0.38642721          0.38642399         -5.08005155
0.61238761          0.38545024          0.38544703         -5.08005155
0.61338661          0.38447305          0.38446985         -5.08005155
0.61438561          0.38349565          0.38349246         -5.08005155
0.61538462          0.38251803          0.38251485         -5.08005155
0.61638362          0.38154020          0.38153703         -5.08005155
0.61738262          0.38056216          0.38055900         -5.08005155
0.61838162          0.37958391          0.37958076         -5.08005155
0.61938062          0.37860546          0.37860231         -5.08005155
0.62037962          0.37762680          0.37762366         -5.08005155
0.62137862          0.37664794          0.37664481         -5.08005155
0.62237762          0.37566889          0.37566576         -5.08005155
0.62337662          0.37468963          0.37468651         -5.08005155
0.62437562          0.37371018          0.37370707         -5.08005155
0.62537463          0.37273053          0.37272743         -5.08005155
0.62637363          0.37175069          0.37174760         -5.08005155
0.62737263          0.37077066          0.37076758         -5.08005155
0.62837163          0.36979045          0.36978737         -5.08005155
0.62937063          0.36881005          0.36880698         -5.08005155
0.63036963          0.36782946          0.36782640         -5.08005155
0.63136863          0.36684869          0.36684564         -5.08005155
0.63236763          0.36586774          0.36586470         -5.08005155
0.63336663          0.36488661          0.36488357         -5.08005155
0.63436563          0.36390530          0.36390228         -5.08005155
0.63536464          0.36292382          0.36292080         -5.08005155
0.63636364          0.36194216          0.36193915         -5.08005155
0.63736264          0.36096034          0.36095734         -5.08005155
0.63836164          0.35997834          0.35997535         -5.08005155
0.63936064          0.35899617          0.35899319         -5.08005155
0.64035964          0.35801384          0.35801086         -5.08005155
0.64135864          0.35703134          0.35702837         -5.08005155
0.64235764          0.35604868          0.35604572         -5.08005155
0.64335664          0.35506585          0.35506290         -5.08005155
0.64435564          0.35408287          0.35407993         -5.08005155
0.64535465          0.35309973          0.35309679         -5.08005155
0.64635365          0.35211643          0.35211350         -5.08005155
0.64735265          0.35113297          0.35113005         -5.08005155
0.64835165          0.35014936          0.35014645         -5.08005155
0.64935065          0.34916560          0.34916269         -5.08005155
0.65034965          0.34818168          0.34817879         -5.08005155
0.65134865          0.34719762          0.34719473         -5.08005155
0.65234765          0.34621341          0.34621053         -5.08005155
0.65334665          0.34522905          0.34522618         -5.08005155
0.65434565          0.34424455          0.34424169         -5.08005155
0.65534466          0.34325990          0.34325705         -5.08005155
0.65634366          0.34227511          0.34227227         -5.08005155
0.65734266          0.34129018          0.34128735         -5.08005155
0.65834166          0.34030511          0.34030228         -5.08005155
0.65934066          0.33931991          0.33931709         -5.08005155
0.66033966          0.33833456          0.33833175         -5.08005155
0.66133866          0.33734908          0.33734628         -5.08005155
0.66233766          0.33636347          0.33636067         -5.08005155
0.66333666          0.33537773          0.33537494         -5.08005155
0.66433566          0.33439185          0.33438907         -5.08005155
0.66533467          0.33340584          0.33340307         -5.08005155
0.66633367          0.33241971          0.33241694         -5.08005155
0.66733267          0.33143344          0.33143069         -5.08005155
0.66833167          0.33044705          0.33044431         -5.08005155
0.66933067          0.32946054          0.32945780         -5.08005155
0.67032967          0.32847390          0.32847117         -5.08005155
0.67132867          0.32748714          0.32748442         -5.08005155
0.67232767          0.32650026          0.32649754         -5.08005155
0.67332667          0.32551326          0.32551055         -5.08005155
0.67432567          0.32452614          0.32452344         -5.08005155
0.67532468          0.32353890          0.32353621         -5.08005155
0.67632368          0.32255155          0.32254886         -5.08005155
0.67732268          0.32156408          0.32156140         -5.08005155
0.67832168          0.32057649          0.32057383         -5.08005155
0.67932068          0.31958879          0.31958614         -5.08005155
0.68031968          0.31860099          0.31859834         -5.08005155
0.68131868          0.31761307          0.31761042         -5.08005155
0.68231768          0.31662504          0.31662240         -5.08005155
0.68331668          0.31563690          0.31563427         -5.08005155
0.68431568          0.31464865          0.31464604         -5.08005155
0.68531469          0.31366030          0.31365769         -5.08005155
0.68631369          0.31267184          0.31266924         -5.08005155
0.68731269          0.31168328          0.31168069         -5.08005155
0.68831169          0.31069462          0.31069203         -5.08005155
0.68931069          0.30970585          0.30970327         -5.08005155
0.69030969          0.30871698          0.30871441         -5.08005155
0.69130869          0.30772801          0.30772545         -5.08005155
0.69230769          0.30673894          0.30673639         -5.08005155
0.69330669          0.30574978          0.30574723         -5.08005155
0.69430569          0.30476051          0.30475798         -5.08005155
0.69530470          0.30377115          0.30376863         -5.08005155
0.69630370          0.30278170          0.30277918         -5.08005155
0.69730270          0.30179215          0.30178964         -5.08005155
0.69830170          0.30080250          0.30080000         -5.08005155
0.69930070          0.29981277          0.29981027         -5.08005155
0.70029970          0.29882294          0.29882045         -5.08005155
0.70129870          0.29783302          0.29783054         -5.08005155
0.70229770          0.29684301          0.29684054         -5.08005155
0.70329670          0.29585292          0.29585046         -5.08005155
0.70429570          0.29486273          0.29486028         -5.08005155
0.70529471          0.29387246          0.29387001         -5.08005155
0.70629371          0.29288210          0.29287966         -5.08005155
0.70729271          0.29189166          0.29188923         -5.08005155
0.70829171          0.29090113          0.29089871         -5.08005155
0.70929071          0.28991051          0.28990810         -5.08005155
0.71028971          0.28891982          0.28891742         -5.08005155
0.71128871          0.28792904          0.28792665         -5.08005155
0.71228771          0.28693818          0.28693580         -5.08005155
0.71328671          0.28594724          0.28594486         -5.08005155
0.71428571          0.28495622          0.28495385         -5.08005155
0.71528472          0.28396513          0.28396276         -5.08005155
0.71628372          0.28297395          0.28297160         -5.08005155
0.71728272          0.28198270          0.28198035         -5.08005155
0.71828172          0.28099137          0.28098903         -5.08005155
0.71928072          0.27999996          0.27999763         -5.08005155
0.72027972          0.27900848          0.27900616         -5.08005155
0.72127872          0.27801692          0.27801461         -5.08005155
0.72227772          0.27702530          0.27702299         -5.08005155
0.72327672          0.27603359          0.27603130         -5.08005155
0.72427572          0.27504182          0.27503953         -5.08005155
0.72527473          0.27404998          0.27404770         -5.08005155
0.72627373          0.27305806          0.27305579         -5.08005155
0.72727273          0.27206607          0.27206381         -5.08005155
0.72827173          0.27107402          0.27107177         -5.08005155
0.72927073          0.27008190          0.27007965         -5.08005155
0.73026973          0.26908970          0.26908747         -5.08005155
0.73126873          0.26809745          0.26809522         -5.08005155
0.73226773          0.26710512          0.26710290         -5.08005155
0.73326673          0.26611273          0.26611052         -5.08005155
0.73426573          0.26512027          0.26511807         -5.08005155
0.73526474          0.26412775          0.26412556         -5.08005155
0.73626374          0.26313517          0.26313298         -5.08005155
0.73726274          0.26214252          0.26214034         -5.08005156
0.73826174          0.26114981          0.26114764         -5.08005156
0.73926074          0.26015703          0.26015487         -5.08005156
0.74025974          0.25916420          0.25916204         -5.08005156
0.74125874          0.25817130          0.25816916         -5.08005156
0.74225774          0.25717835          0.25717621         -5.08005156
0.74325674          0.25618533          0.25618320         -5.08005156
0.74425574          0.25519226          0.25519014         -5.08005156
0.74525475          0.25419913          0.25419701         -5.08005156
0.74625375          0.25320594          0.25320383         -5.08005156
0.74725275          0.25221269          0.25221059         -5.08005156
0.74825175          0.25121938          0.25121729         -5.08005156
0.74925075          0.25022602          0.25022394         -5.08005156
0.75024975          0.24923261          0.24923053         -5.08005156
0.75124875          0.24823913          0.24823707         -5.08005156
0.75224775          0.24724561          0.24724355         -5.08005156
0.75324675          0.24625203          0.24624998         -5.08005156
0.75424575          0.24525840          0.24525636         -5.08005156
0.75524476          0.24426471          0.24426268         -5.08005156
0.75624376          0.24327097          0.24326895         -5.08005156
0.75724276          0.24227718          0.24227516         -5.08005156
0.75824176          0.24128334          0.24128133         -5.08005156
0.75924076          0.24028944          0.24028745         -5.08005156
0.76023976          0.23929550          0.23929351         -5.08005156
0.76123876          0.23830151          0.23829953         -5.08005156
0.76223776          0.23730747          0.23730549         -5.08005156
0.76323676          0.23631338          0.23631141         -5.08005156
0.76423576          0.23531924          0.23531728         -5.08005156
0.76523477          0.23432505          0.23432310         -5.08005156
0.76623377          0.23333081          0.23332887         -5.08005156
0.76723277          0.23233653          0.23233460         -5.08005156
0.76823177          0.23134220          0.23134028         -5.08005156
0.76923077          0.23034783          0.23034591         -5.08005156
0.77022977          0.22935341          0.22935150         -5.08005156
0.77122877          0.22835895          0.22835705         -5.08005156
0.77222777          0.22736444          0.22736255         -5.08005156
0.77322677          0.22636988          0.22636800         -5.08005156
0.77422577          0.22537529          0.22537341         -5.08005156
0.77522478          0.22438064          0.22437878         -5.08005156
0.77622378          0.22338596          0.22338410         -5.08005156
0.77722278          0.22239123          0.22238939         -5.08005156
0.77822178          0.22139647          0.22139463         -5.08005156
0.77922078          0.22040166          0.22039982         -5.08005156
0.78021978          0.21940681          0.21940498         -5.08005156
0.78121878          0.21841191          0.21841010         -5.08005156
0.78221778          0.21741698          0.21741517         -5.08005156
0.78321678          0.21642201          0.21642021         -5.08005156
0.78421578          0.21542700          0.21542521         -5.08005156
0.78521479          0.21443195          0.21443016         -5.08005156
0.78621379          0.21343686          0.21343508         -5.08005156
0.78721279          0.21244173          0.21243996         -5.08005156
0.78821179          0.21144656          0.21144481         -5.08005156
0.78921079          0.21045136          0.21044961         -5.08005156
0.79020979          0.20945612          0.20945438         -5.08005156
0.79120879          0.20846084          0.20845911         -5.08005156
0.79220779          0.20746553          0.20746380         -5.08005156
0.79320679          0.20647018          0.20646846         -5.08005156
0.79420579          0.20547479          0.20547308         -5.08005156
0.79520480          0.20447937          0.20447767         -5.08005156
0.79620380          0.20348391          0.20348222         -5.08005156
0.79720280          0.20248842          0.20248673         -5.08005156
0.79820180          0.20149289          0.20149121         -5.08005156
0.79920080          0.20049733          0.20049566         -5.08005156
0.80019980          0.19950174          0.19950008         -5.08005156
0.80119880          0.19850611          0.19850446         -5.08005156
0.80219780          0.19751045          0.19750880         -5.08005156
0.80319680          0.19651475          0.19651312         -5.08005156
0.80419580          0.19551903          0.19551740         -5.08005156
0.80519481          0.19452327          0.19452165         -5.08005156
0.80619381          0.19352748          0.19352587         -5.08005156
0.80719281          0.19253166          0.19253006         -5.08005156
0.80819181          0.19153581          0.19153421         -5.08005156
0.80919081          0.19053992          0.19053834         -5.08005156
0.81018981          0.18954401          0.18954243         -5.08005156
0.81118881          0.18854806          0.18854650         -5.08005156
0.81218781          0.18755209          0.18755053         -5.08005156
0.81318681          0.18655609          0.18655454         -5.08005156
0.81418581          0.18556005          0.18555851         -5.08005156
0.81518482          0.18456399          0.18456246         -5.08005156
0.81618382          0.18356790          0.18356637         -5.08005156
0.81718282          0.18257178          0.18257026         -5.08005156
0.81818182          0.18157563          0.18157412         -5.08005156
0.81918082          0.18057946          0.18057796         -5.08005156
0.82017982          0.17958326          0.17958176         -5.08005156
0.82117882          0.17858703          0.17858554         -5.08005156
0.82217782          0.17759077          0.17758929         -5.08005156
0.82317682          0.17659448          0.17659301         -5.08005156
0.82417582          0.17559817          0.17559671         -5.08005156
0.82517483          0.17460184          0.17460038         -5.08005156
0.82617383          0.17360547          0.17360403         -5.08005156
0.82717283          0.17260908          0.17260765         -5.08005156
0.82817183          0.17161267          0.17161124         -5.08005156
0.82917083          0.17061623          0.17061481         -5.08005156
0.83016983          0.16961976          0.16961835         -5.08005156
0.83116883          0.16862327          0.16862187         -5.08005156
0.83216783          0.16762676          0.16762537         -5.08005156
0.83316683          0.16663022          0.16662884         -5.08005156
0.83416583          0.16563366          0.16563228         -5.08005156
0.83516484          0.16463707          0.16463570         -5.08005156
0.83616384          0.16364046          0.16363910         -5.08005156
0.83716284          0.16264383          0.16264248         -5.08005156
0.83816184          0.16164718          0.16164583         -5.08005156
0.83916084          0.16065050          0.16064916         -5.08005156
0.84015984          0.15965379          0.15965247         -5.08005156
0.84115884          0.15865707          0.15865575         -5.08005156
0.84215784          0.15766032          0.15765901         -5.08005156
0.84315684          0.15666356          0.15666225         -5.08005156
0.84415584          0.15566677          0.15566547         -5.08005156
0.84515485          0.15466996          0.15466867         -5.08005156
0.84615385          0.15367312          0.15367184         -5.08005156
0.84715285          0.15267627          0.15267500         -5.08005156
0.84815185          0.15167939          0.15167813         -5.08005156
0.84915085          0.15068250          0.15068125         -5.08005156
0.85014985          0.14968558          0.14968434         -5.08005156
0.85114885          0.14868865          0.14868741         -5.08005156
0.85214785          0.14769169          0.14769046         -5.08005156
0.85314685          0.14669471          0.14669349         -5.08005156
0.85414585          0.14569772          0.14569651         -5.08005156
0.85514486          0.14470070          0.14469950         -5.08005156
0.85614386          0.14370367          0.14370247         -5.08005156
0.85714286          0.14270662          0.14270543         -5.08005156
0.85814186          0.14170954          0.14170836         -5.08005156
0.85914086          0.14071245          0.14071128         -5.08005156
0.86013986          0.13971534          0.13971418         -5.08005156
0.86113886          0.13871821          0.13871706         -5.08005156
0.86213786          0.13772107          0.13771992         -5.08005156
0.86313686          0.13672390          0.13672277         -5.08005156
0.86413586          0.13572672          0.13572559         -5.08005156
0.86513487          0.13472952          0.13472840         -5.08005156
0.86613387          0.13373230          0.13373119         -5.08005156
0.86713287          0.13273507          0.13273397         -5.08005156
0.86813187          0.13173782          0.13173672         -5.08005156
0.86913087          0.13074055          0.13073946         -5.08005156
0.87012987          0.12974326          0.12974219         -5.08005156
0.87112887          0.12874596          0.12874489         -5.08005156
0.87212787          0.12774864          0.12774758         -5.08005156
0.87312687          0.12675131          0.12675026         -5.08005156
0.87412587          0.12575396          0.12575291         -5.08005156
0.87512488          0.12475659          0.12475555         -5.08005156
0.87612388          0.12375921          0.12375818         -5.08005156
0.87712288          0.12276181          0.12276079         -5.08005156
0.87812188          0.12176440          0.12176339         -5.08005156
0.87912088          0.12076697          0.12076596         -5.08005156
0.88011988          0.11976952          0.11976853         -5.08005156
0.88111888          0.11877207          0.11877108         -5.08005156
0.88211788          0.11777459          0.11777361         -5.08005156
0.88311688          0.11677710          0.11677613         -5.08005156
0.88411588          0.11577960          0.11577864         -5.08005156
0.88511489          0.11478208          0.11478113         -5.08005156
0.88611389          0.11378455          0.11378360         -5.08005156
0.88711289          0.11278700          0.11278607         -5.08005156
0.88811189          0.11178944          0.11178851         -5.08005156
0.88911089          0.11079187          0.11079095         -5.08005156
0.89010989          0.10979428          0.10979337         -5.08005156
0.89110889          0.10879668          0.10879578         -5.08005156
0.89210789          0.10779907          0.10779817         -5.08005156
0.89310689          0.10680144          0.10680055         -5.08005156
0.89410589          0.10580380          0.10580292         -5.08005156
0.89510490          0.10480614          0.10480527         -5.08005156
0.89610390          0.10380847          0.10380761         -5.08005156
0.89710290          0.10281079          0.10280994         -5.08005156
0.89810190          0.10181310          0.10181225         -5.08005156
0.89910090          0.10081540          0.10081456         -5.08005156
0.90009990          0.09981768          0.09981685         -5.08005156
0.90109890          0.09881995          0.09881913         -5.08005156
0.90209790          0.09782221          0.09782139         -5.08005156
0.90309690          0.09682445          0.09682365         -5.08005156
0.90409590          0.09582668          0.09582589         -5.08005156
0.90509491          0.09482891          0.09482812         -5.08005156
0.90609391          0.09383112          0.09383034         -5.08005156
0.90709291          0.09283332          0.09283254         -5.08005156
0.90809191          0.09183550          0.09183474         -5.08005156
0.90909091          0.09083768          0.09083692         -5.08005156
0.91008991          0.08983984          0.08983910         -5.08005156
0.91108891          0.08884200          0.08884126         -5.08005156
0.91208791          0.08784414          0.08784341         -5.08005156
0.91308691          0.08684627          0.08684555         -5.08005156
0.91408591          0.08584839          0.08584768         -5.08005156
0.91508492          0.08485050          0.08484979         -5.08005156
0.91608392          0.08385260          0.08385190         -5.08005156
0.91708292          0.08285469          0.08285400         -5.08005156
0.91808192          0.08185677          0.08185609         -5.08005156
0.91908092          0.08085883          0.08085816         -5.08005156
0.92007992          0.07986089          0.07986023         -5.08005156
0.92107892          0.07886294          0.07886228         -5.08005156
0.92207792          0.07786498          0.07786433         -5.08005156
0.92307692          0.07686701          0.07686637         -5.08005156
0.92407592          0.07586902          0.07586839         -5.08005156
0.92507493          0.07487103          0.07487041         -5.08005156
0.92607393          0.07387303          0.07387242         -5.08005156
0.92707293          0.07287502          0.07287442         -5.08005156
0.92807193          0.07187700          0.07187640         -5.08005156
0.92907093          0.07087897          0.07087838         -5.08005156
0.93006993          0.06988093          0.06988035         -5.08005156
0.93106893          0.06888289          0.06888231         -5.08005156
0.93206793          0.06788483          0.06788427         -5.08005156
0.93306693          0.06688677          0.06688621         -5.08005156
0.93406593          0.06588869          0.06588814         -5.08005156
0.93506494          0.06489061          0.06489007         -5.08005156
0.93606394          0.06389252          0.06389198         -5.08005156
0.93706294          0.06289442          0.06289389         -5.08005156
0.93806194          0.06189631          0.06189579         -5.08005156
0.93906094          0.06089819          0.06089768         -5.08005156
0.94005994          0.05990006          0.05989957         -5.08005156
0.94105894          0.05890193          0.05890144         -5.08005156
0.94205794          0.05790379          0.05790331         -5.08005156
0.94305694          0.05690564          0.05690516         -5.08005156
0.94405594          0.05590748          0.05590702         -5.08005156
0.94505495          0.05490931          0.05490886         -5.08005156
0.94605395          0.05391114          0.05391069         -5.08005156
0.94705295          0.05291296          0.05291252         -5.08005156
0.94805195          0.05191477          0.05191434         -5.08005156
0.94905095          0.05091657          0.05091615         -5.08005156
0.95004995          0.04991837          0.04991795         -5.08005156
0.95104895          0.04892016          0.04891975         -5.08005156
0.95204795          0.04792194          0.04792154         -5.08005156
0.95304695          0.04692371          0.04692332         -5.08005156
0.95404595          0.04592548          0.04592509         -5.08005156
0.95504496          0.04492723          0.04492686         -5.08005156
0.95604396          0.04392899          0.04392862         -5.08005156
0.95704296          0.04293073          0.04293037         -5.08005156
0.95804196          0.04193247          0.04193212         -5.08005156
0.95904096          0.04093420          0.04093386         -5.08005156
0.96003996          0.03993592          0.03993559         -5.08005156
0.96103896          0.03893764          0.03893732         -5.08005156
0.96203796          0.03793935          0.03793904         -5.08005156
0.96303696          0.03694106          0.03694075         -5.08005156
0.96403596          0.03594275          0.03594245         -5.08005156
0.96503497          0.03494444          0.03494415         -5.08005156
0.96603397          0.03394613          0.03394585         -5.08005156
0.96703297          0.03294781          0.03294753         -5.08005156
0.96803197          0.03194948          0.03194921         -5.08005156
0.96903097          0.03095114          0.03095089         -5.08005156
0.97002997          0.02995280          0.02995256         -5.08005156
0.97102897          0.02895446          0.02895422         -5.08005156
0.97202797          0.02795610          0.02795587         -5.08005156
0.97302697          0.02695775          0.02695752         -5.08005156
0.97402597          0.02595938          0.02595917         -5.08005156
0.97502498          0.02496101          0.02496080         -5.08005156
0.97602398          0.02396263          0.02396244         -5.08005156
0.97702298          0.02296425          0.02296406         -5.08005156
0.97802198          0.02196586          0.02196568         -5.08005156
0.97902098          0.02096747          0.02096730         -5.08005156
0.98001998          0.01996907          0.01996891         -5.08005156
0.98101898          0.01897067          0.01897051         -5.08005156
0.98201798          0.01797226          0.01797211         -5.08005156
0.98301698          0.01697384          0.01697370         -5.08005156
0.98401598          0.01597542          0.01597529         -5.08005156
0.98501499          0.01497700          0.01497687         -5.08005156
0.98601399          0.01397856          0.01397845         -5.08005156
0.98701299          0.01298013          0.01298002         -5.08005156
0.98801199          0.01198169          0.01198159         -5.08005156
0.98901099          0.01098324          0.01098315         -5.08005156
0.99000999          0.00998479          0.00998470         -5.08005156
0.99100899          0.00898633          0.00898626         -5.08005156
0.99200799          0.00798787          0.00798780         -5.08005156
0.99300699          0.00698940          0.00698934         -5.08005156
0.99400599          0.00599093          0.00599088         -5.08005156
0.99500500          0.00499245          0.00499241         -5.08005156
0.99600400          0.00399397          0.00399394         -5.08005156
0.99700300          0.00299549          0.00299546         -5.08005156
0.99800200          0.00199700          0.00199698         -5.08005156
0.99900100          0.00099850          0.00099849         -5.08005156
1                   0                   0                   0
